Xs=849.674000
Ys=-10.609000
Zs=-147.536000
Omega=0.367000
Phi=15.179000
Kappa=-1.702000
