Width=2448
Height=2050
MatrixWidth=8.4456
MatrixHeight=7.0725
Focus=-8.1740000
X0=0.065000
Y0=-0.064000
