Xs=860.975000
Ys=-10.719000
Zs=-73.928000
Alpha=0.398000
Omega=9.825000
Kappa=-1.621000
