*** Interior orientation *** (return to start)

 Camera/R0:               2     3.167100e+000
 Ck       :  -8.200936e+000   2.924138e-004
 Xh       :   5.109234e-002   7.661570e-004
 Yh       :  -5.341877e-002   7.562761e-004
 A1       :  -1.987994e-003   2.282850e-006
 A2       :   3.531790e-005   2.128214e-007
 A3       :  -1.340883e-007   5.902489e-009
 B1       :   3.737653e-005   1.894556e-006
 B2       :  -7.460814e-005   1.804678e-006
 C1       :   1.597095e-004   1.764938e-005
 C2       :  -4.451173e-004   1.768441e-005



 Camera/R0:               1     3.167100e+000
 Ck       :  -8.172591e+000   3.376791e-004
 Xh       :   6.051838e-002   7.810641e-004
 Yh       :  -5.480468e-002   7.752918e-004
 A1       :  -1.879760e-003   2.684792e-006
 A2       :   2.680683e-005   2.686460e-007
 A3       :   2.791015e-008   8.050844e-009
 B1       :  -1.451424e-005   1.967651e-006
 B2       :   4.534142e-005   1.878798e-006
 C1       :   9.103520e-004   1.736897e-005
 C2       :   1.839214e-004   1.748888e-005 


*** Object points *** (return to start)
  Point no. |      x     |      y     |      z     |    sx   |    sy   |    sz   |  Rays  | Blunder|
       2          92.1681       6.8556      -1.6135    0.0054    0.0056    0.0058       94        0




*** Image coordinates *** (return to start)
 Point| Image|   |      x      |      y      |     vx    |     vy    |sx a priori|sy a priori|  rx  |  ry  | Test values

    65  20041         -3.914768     -1.066640   -0.001201   -0.001144    0.000500    0.000500   1.00   1.00  6.69  6.38  ***

     2  10001         -2.375018     -1.107304   -0.000161   -0.000264    0.000500    0.000500   0.92   0.92  0.94  1.53 
     3  10001         -1.813132     -1.043579    0.000021   -0.000310    0.000500    0.000500   0.94   0.94  0.12  1.78 
