{
    "_0000": {
        "type_id": "opencv-matrix",
        "rows": 3,
        "cols": 1,
        "dt": "d",
        "data": [ -5.9491195708090937e-02, 1.1642936382755326e-01,
            -3.1236816570242763e-02 ]
    }
,    "_0002": {
        "type_id": "opencv-matrix",
        "rows": 3,
        "cols": 1,
        "dt": "d",
        "data": [ -5.9491195708090937e-02, 1.1642936382755326e-01,
            -3.1236816570242763e-02 ]
    }
,    "_0003": {
        "type_id": "opencv-matrix",
        "rows": 3,
        "cols": 1,
        "dt": "d",
        "data": [ -5.9491195708090937e-02, 1.1642936382755326e-01,
            -3.1236816570242763e-02 ]
    }
,    "_0008": {
        "type_id": "opencv-matrix",
        "rows": 3,
        "cols": 1,
        "dt": "d",
        "data": [ -2.6463560300124731e-02, 6.9460438799079843e-02,
            -3.8065974497135925e-02 ]
    }
,    "_0009": {
        "type_id": "opencv-matrix",
        "rows": 3,
        "cols": 1,
        "dt": "d",
        "data": [ -2.4763415663677016e-01, -4.1052114376949271e-02,
            -4.7698987327567083e-02 ]
    }
}
