{
     "_0000": {
        "type_id": "opencv-matrix",
        "rows": 3,
        "cols": 1,
        "dt": "d",
        "data": [ -7.0771638335501893e+02, -1.0975864314870466e+02,
            -5.7340558129645160e+01 ]
    }
,    "_0002": {
        "type_id": "opencv-matrix",
        "rows": 3,
        "cols": 1,
        "dt": "d",
        "data": [ -7.0771638335501893e+02, -1.0975864314870466e+02,
            -5.7340558129645160e+01 ]
    }
,    "_0003": {
        "type_id": "opencv-matrix",
        "rows": 3,
        "cols": 1,
        "dt": "d",
        "data": [ -7.0771638335501893e+02, -1.0975864314870466e+02,
            -5.7340558129645160e+01 ]
    }
,    "_0008": {
        "type_id": "opencv-matrix",
        "rows": 3,
        "cols": 1,
        "dt": "d",
        "data": [ -5.8148805557303945e+02, -1.4470692673600411e+01,
            -9.8250981214975127e+01 ]
    }
,    "_0009": {
        "type_id": "opencv-matrix",
        "rows": 3,
        "cols": 1,
        "dt": "d",
        "data": [ -2.9422503247927989e+02, -6.2395593697479660e+02,
            -3.1028795065318536e+02 ]
    }
}
