{
    "_0000": {
        "type_id": "opencv-matrix",
        "rows": 3,
        "cols": 1,
        "dt": "d",
        "data": [ -5.9491195708090937e-02, 1.1642936382755326e-01,
            -3.1236816570242763e-02 ]
    }
,    "_0002": {
        "type_id": "opencv-matrix",
        "rows": 3,
        "cols": 1,
        "dt": "d",
        "data": [ -5.9491195708090937e-02, 1.1642936382755326e-01,
            -3.1236816570242763e-02 ]
    }
,    "_0003": {
        "type_id": "opencv-matrix",
        "rows": 3,
        "cols": 1,
        "dt": "d",
        "data": [ -5.9491195708090937e-02, 1.1642936382755326e-01,
            -3.1236816570242763e-02 ]
    }
,    "_0008": {
        "type_id": "opencv-matrix",
        "rows": 3,
        "cols": 1,
        "dt": "d",
        "data": [ -2.6463560300124731e-02, 6.9460438799079843e-02,
            -3.8065974497135925e-02 ]
    }
,    "_0009": {
        "type_id": "opencv-matrix",
        "rows": 3,
        "cols": 1,
        "dt": "d",
        "data": [ -2.4763415663677016e-01, -4.1052114376949271e-02,
            -4.7698987327567083e-02 ]
    }
,    "_0000": {
        "type_id": "opencv-matrix",
        "rows": 3,
        "cols": 1,
        "dt": "d",
        "data": [ -5.9491195708090937e-02, 1.1642936382755326e-01,
            -3.1236816570242763e-02 ]
    }
,    "_0002": {
        "type_id": "opencv-matrix",
        "rows": 3,
        "cols": 1,
        "dt": "d",
        "data": [ -5.9491195708090937e-02, 1.1642936382755326e-01,
            -3.1236816570242763e-02 ]
    }
,    "_0003": {
        "type_id": "opencv-matrix",
        "rows": 3,
        "cols": 1,
        "dt": "d",
        "data": [ -5.9491195708090937e-02, 1.1642936382755326e-01,
            -3.1236816570242763e-02 ]
    }
,    "_0008": {
        "type_id": "opencv-matrix",
        "rows": 3,
        "cols": 1,
        "dt": "d",
        "data": [ -2.6463560300124731e-02, 6.9460438799079843e-02,
            -3.8065974497135925e-02 ]
    }
,    "_0009": {
        "type_id": "opencv-matrix",
        "rows": 3,
        "cols": 1,
        "dt": "d",
        "data": [ -2.4763415663677016e-01, -4.1052114376949271e-02,
            -4.7698987327567083e-02 ]
    }
,    "_0021": {
        "type_id": "opencv-matrix",
        "rows": 3,
        "cols": 1,
        "dt": "d",
        "data": [ -2.6944987171481816e-01, 3.9330818910499182e-01,
            1.5234518493305198e-02 ]
    }
,    "_0022": {
        "type_id": "opencv-matrix",
        "rows": 3,
        "cols": 1,
        "dt": "d",
        "data": [ -2.6356587582455189e-02, 8.9882420192120616e-02,
            -2.5715529501348821e-02 ]
    }
,    "_0030": {
        "type_id": "opencv-matrix",
        "rows": 3,
        "cols": 1,
        "dt": "d",
        "data": [ -2.8720683184178209e-03, 1.1826211358015429e-01,
            -2.6089514425190200e-02 ]
    }
,    "_0031": {
        "type_id": "opencv-matrix",
        "rows": 3,
        "cols": 1,
        "dt": "d",
        "data": [ 1.2767284635872008e-02, 1.1192557946981548e-01,
            -2.4277154132880879e-02 ]
    }
,    "_0032": {
        "type_id": "opencv-matrix",
        "rows": 3,
        "cols": 1,
        "dt": "d",
        "data": [ 1.6648989085704776e-02, 7.7084852093373638e-02,
            -2.5507416549804783e-02 ]
    }
,    "_0033": {
        "type_id": "opencv-matrix",
        "rows": 3,
        "cols": 1,
        "dt": "d",
        "data": [ -6.3527104937409007e-03, 8.0391093545869249e-02,
            -2.6282874945040825e-02 ]
    }
,    "_0038": {
        "type_id": "opencv-matrix",
        "rows": 3,
        "cols": 1,
        "dt": "d",
        "data": [ -1.0927151235273512e-01, 7.3186836526704380e-02,
            -3.5493564324200949e-02 ]
    }
,    "_0039": {
        "type_id": "opencv-matrix",
        "rows": 3,
        "cols": 1,
        "dt": "d",
        "data": [ -1.0897193521236533e-01, 9.8329291405011329e-02,
            -3.4510783415965168e-02 ]
    }
,    "_0040": {
        "type_id": "opencv-matrix",
        "rows": 3,
        "cols": 1,
        "dt": "d",
        "data": [ -7.9207948056819119e-02, 1.2206903645402638e-01,
            -3.2753530568410426e-02 ]
    }
,    "_0041": {
        "type_id": "opencv-matrix",
        "rows": 3,
        "cols": 1,
        "dt": "d",
        "data": [ -4.8681251926437082e-02, 1.1896620872330516e-01,
            -3.2773919592067512e-02 ]
    }
,    "_0042": {
        "type_id": "opencv-matrix",
        "rows": 3,
        "cols": 1,
        "dt": "d",
        "data": [ -4.7496252151095229e-02, 1.0950036852726192e-01,
            -2.9754871769447740e-02 ]
    }
,    "_0043": {
        "type_id": "opencv-matrix",
        "rows": 3,
        "cols": 1,
        "dt": "d",
        "data": [ -3.8473877732545833e-02, 6.9376588102792014e-02,
            -3.1827816451489736e-02 ]
    }
,    "_0044": {
        "type_id": "opencv-matrix",
        "rows": 3,
        "cols": 1,
        "dt": "d",
        "data": [ -1.7058803930606763e-02, 9.8862486486141168e-02,
            -2.6916091241866936e-02 ]
    }
,    "_0045": {
        "type_id": "opencv-matrix",
        "rows": 3,
        "cols": 1,
        "dt": "d",
        "data": [ -6.9850638963634181e-03, 1.1860500355867050e-01,
            -2.5667506022065054e-02 ]
    }
,    "_0049": {
        "type_id": "opencv-matrix",
        "rows": 3,
        "cols": 1,
        "dt": "d",
        "data": [ 1.2101394451137966e-03, 1.4597337625514656e-01,
            -2.6704150878607176e-02 ]
    }
,    "_0051": {
        "type_id": "opencv-matrix",
        "rows": 3,
        "cols": 1,
        "dt": "d",
        "data": [ -5.1012716444906450e-03, 1.3351029178205626e-01,
            -2.7381361436807194e-02 ]
    }
,    "_0052": {
        "type_id": "opencv-matrix",
        "rows": 3,
        "cols": 1,
        "dt": "d",
        "data": [ -4.8994623706617807e-02, 2.3027871409004574e-01,
            -3.0122740913117604e-02 ]
    }
,    "_0053": {
        "type_id": "opencv-matrix",
        "rows": 3,
        "cols": 1,
        "dt": "d",
        "data": [ -4.0486984553593189e-02, 1.2814857601242579e-02,
            -3.1877765102327316e-02 ]
    }
,    "_0054": {
        "type_id": "opencv-matrix",
        "rows": 3,
        "cols": 1,
        "dt": "d",
        "data": [ -3.9574133687780226e-02, 1.2703159593053540e-01,
            -3.2943521141085265e-02 ]
    }
,    "_0055": {
        "type_id": "opencv-matrix",
        "rows": 3,
        "cols": 1,
        "dt": "d",
        "data": [ -4.6741780769920103e-02, 1.4562875802519468e-01,
            -3.2406260238068134e-02 ]
    }
,    "_0056": {
        "type_id": "opencv-matrix",
        "rows": 3,
        "cols": 1,
        "dt": "d",
        "data": [ -4.7645995939399791e-02, 1.2903096589023574e-01,
            -3.4353647204074543e-02 ]
    }
,    "_0057": {
        "type_id": "opencv-matrix",
        "rows": 3,
        "cols": 1,
        "dt": "d",
        "data": [ -6.2089351048241127e-02, 1.3733816014980130e-01,
            -3.4058216031816795e-02 ]
    }
,    "_0058": {
        "type_id": "opencv-matrix",
        "rows": 3,
        "cols": 1,
        "dt": "d",
        "data": [ -7.9747027859025543e-02, 1.3552292224089790e-01,
            -3.4776921869756415e-02 ]
    }
,    "_0061": {
        "type_id": "opencv-matrix",
        "rows": 3,
        "cols": 1,
        "dt": "d",
        "data": [ -6.9736139700408220e-02, 1.3430333001243391e-01,
            -3.5105481516314353e-02 ]
    }
,    "_0062": {
        "type_id": "opencv-matrix",
        "rows": 3,
        "cols": 1,
        "dt": "d",
        "data": [ -1.4010648986134513e-02, 1.8068620051911738e-01,
            -3.4023454199946720e-02 ]
    }
,    "_0067": {
        "type_id": "opencv-matrix",
        "rows": 3,
        "cols": 1,
        "dt": "d",
        "data": [ -9.9341035716452447e-02, 1.7783565461678427e-01,
            -3.6351821517225408e-02 ]
    }
,    "_0069": {
        "type_id": "opencv-matrix",
        "rows": 3,
