{
    "_0000": {
        "type_id": "opencv-matrix",
        "rows": 3,
        "cols": 1,
        "dt": "d",
        "data": [ -5.6703372026607725e-02, 1.1898590069369676e-01,
            -3.0143148978575649e-02 ]
    }
,    "_0002": {
        "type_id": "opencv-matrix",
        "rows": 3,
        "cols": 1,
        "dt": "d",
        "data": [ -5.6703372057860905e-02, 1.1898590126604436e-01,
            -3.0143148454590121e-02 ]
    }
,    "_0003": {
        "type_id": "opencv-matrix",
        "rows": 3,
        "cols": 1,
        "dt": "d",
        "data": [ -5.6703372057854959e-02, 1.1898590126604035e-01,
            -3.0143148454590610e-02 ]
    }
,    "_0008": {
        "type_id": "opencv-matrix",
        "rows": 3,
        "cols": 1,
        "dt": "d",
        "data": [ -1.7046292545940579e-02, 7.6208751079326578e-02,
            -3.7301440622035768e-02 ]
    }
,    "_0009": {
        "type_id": "opencv-matrix",
        "rows": 3,
        "cols": 1,
        "dt": "d",
        "data": [ -3.8486401187359812e-02, 1.2810362976980874e-01,
            -3.2157366711432385e-02 ]
    }
,    "_0021": {
        "type_id": "opencv-matrix",
        "rows": 3,
        "cols": 1,
        "dt": "d",
        "data": [ -3.7937338332722267e-02, 7.6389198148611615e-02,
            -3.1001202819468117e-02 ]
    }
,    "_0022": {
        "type_id": "opencv-matrix",
        "rows": 3,
        "cols": 1,
        "dt": "d",
        "data": [ -3.0794810153351723e-02, 8.0660599555164428e-02,
            -2.9314316324199560e-02 ]
    }
,    "_0030": {
        "type_id": "opencv-matrix",
        "rows": 3,
        "cols": 1,
        "dt": "d",
        "data": [ -1.4072811287169426e-02, 1.0533441454464759e-01,
            -2.8125962863319441e-02 ]
    }
,    "_0031": {
        "type_id": "opencv-matrix",
        "rows": 3,
        "cols": 1,
        "dt": "d",
        "data": [ 5.0874464996674990e-03, 9.6608532159489557e-02,
            -2.6023435607696807e-02 ]
    }
,    "_0032": {
        "type_id": "opencv-matrix",
        "rows": 3,
        "cols": 1,
        "dt": "d",
        "data": [ 1.1740312665506521e-02, 6.7065482190587375e-02,
            -2.8623419161920644e-02 ]
    }
,    "_0033": {
        "type_id": "opencv-matrix",
        "rows": 3,
        "cols": 1,
        "dt": "d",
        "data": [ -1.4267346638216072e-02, 7.0490303937417051e-02,
            -2.8664542117593370e-02 ]
    }
,    "_0038": {
        "type_id": "opencv-matrix",
        "rows": 3,
        "cols": 1,
        "dt": "d",
        "data": [ -1.0528303980306697e-01, 7.3013110325681405e-02,
            -3.3404440131690562e-02 ]
    }
,    "_0039": {
        "type_id": "opencv-matrix",
        "rows": 3,
        "cols": 1,
        "dt": "d",
        "data": [ -1.0974204637659254e-01, 9.6924090604113014e-02,
            -3.1456686690243679e-02 ]
    }
,    "_0040": {
        "type_id": "opencv-matrix",
        "rows": 3,
        "cols": 1,
        "dt": "d",
        "data": [ -9.8150983266394917e-02, 1.0849543100282982e-01,
            -3.0697167189466780e-02 ]
    }
,    "_0041": {
        "type_id": "opencv-matrix",
        "rows": 3,
        "cols": 1,
        "dt": "d",
        "data": [ -7.6961572233245776e-02, 9.9290216381122162e-02,
            -3.1236558701012856e-02 ]
    }
,    "_0042": {
        "type_id": "opencv-matrix",
        "rows": 3,
        "cols": 1,
        "dt": "d",
        "data": [ -6.7965903927389187e-02, 8.5059832154629839e-02,
            -2.8441544978988764e-02 ]
    }
,    "_0043": {
        "type_id": "opencv-matrix",
        "rows": 3,
        "cols": 1,
        "dt": "d",
        "data": [ -4.0547727158040586e-02, 7.4742969456337308e-02,
            -2.8172021990178271e-02 ]
    }
,    "_0044": {
        "type_id": "opencv-matrix",
        "rows": 3,
        "cols": 1,
        "dt": "d",
        "data": [ -3.1126340988877593e-02, 8.7293718821589705e-02,
            -2.5969663263137956e-02 ]
    }
,    "_0045": {
        "type_id": "opencv-matrix",
        "rows": 3,
        "cols": 1,
        "dt": "d",
        "data": [ -3.3140688749952053e-02, 9.8634269884044445e-02,
            -2.4554354962540562e-02 ]
    }
,    "_0049": {
        "type_id": "opencv-matrix",
        "rows": 3,
        "cols": 1,
        "dt": "d",
        "data": [ -1.9599286314154783e-02, 1.3843295459498547e-01,
            -2.8068853682222214e-02 ]
    }
,    "_0051": {
        "type_id": "opencv-matrix",
        "rows": 3,
        "cols": 1,
        "dt": "d",
        "data": [ -3.0438795890839993e-02, 1.3991212133976619e-01,
            -2.8446469876927696e-02 ]
    }
,    "_0052": {
        "type_id": "opencv-matrix",
        "rows": 3,
        "cols": 1,
        "dt": "d",
        "data": [ -8.1293688127805058e-03, 1.7825146341729897e-01,
            -2.8475879516694332e-02 ]
    }
,    "_0053": {
        "type_id": "opencv-matrix",
        "rows": 3,
        "cols": 1,
        "dt": "d",
        "data": [ -1.0546646733340534e-04, 1.5650269805731296e-01,
            -2.7560753394382419e-02 ]
    }
,    "_0054": {
        "type_id": "opencv-matrix",
        "rows": 3,
        "cols": 1,
        "dt": "d",
        "data": [ -5.9725884180392180e-02, 1.1414969412518752e-01,
            -3.2215682499499507e-02 ]
    }
,    "_0055": {
        "type_id": "opencv-matrix",
        "rows": 3,
        "cols": 1,
        "dt": "d",
        "data": [ -7.7776228553326485e-02, 1.1773326767117641e-01,
            -3.3139900857813938e-02 ]
    }
,    "_0056": {
        "type_id": "opencv-matrix",
        "rows": 3,
        "cols": 1,
        "dt": "d",
        "data": [ -7.9841340071033842e-02, 1.1248279679174743e-01,
            -3.3051096925237534e-02 ]
    }
,    "_0057": {
        "type_id": "opencv-matrix",
        "rows": 3,
        "cols": 1,
        "dt": "d",
        "data": [ -8.6590041965283165e-02, 1.2421000048047692e-01,
            -3.1827934250806253e-02 ]
    }
,    "_0058": {
        "type_id": "opencv-matrix",
        "rows": 3,
        "cols": 1,
        "dt": "d",
        "data": [ -1.0221320441905174e-01, 1.2559610961108295e-01,
            -3.1718766137039951e-02 ]
    }
,    "_0061": {
        "type_id": "opencv-matrix",
        "rows": 3,
        "cols": 1,
        "dt": "d",
        "data": [ -7.7020301711762162e-02, 1.3144830681563979e-01,
            -2.9493321895119887e-02 ]
    }
,    "_0062": {
        "type_id": "opencv-matrix",
        "rows": 3,
        "cols": 1,
        "dt": "d",
        "data": [ -1.5043248651050745e-02, 1.7892185401146496e-01,
            -2.6572421059786355e-02 ]
    }
,    "_0067": {
        "type_id": "opencv-matrix",
        "rows": 3,
        "cols": 1,
        "dt": "d",
        "data": [ -1.1514332331303442e-01, 1.8546847618459583e-01,
            -2.8766397276675435e-02 ]
    }
,    "_0069": {
        "type_id": "opencv-matrix",
        "rows": 3,
        "cols": 1,
        "dt": "d",
        "data": [ -1.2554709631686325e-01, 1.8850532553712504e-01,
            -3.5214125414200000e-02 ]
    }
,    "_0070": {
        "type_id": "opencv-matrix",
        "rows": 3,
        "cols": 1,
        "dt": "d",
        "data": [ -1.0775911350879760e-01, 1.6808698784866097e-01,
            -3.6191987653301498e-02 ]
    }
,    "_0071": {
        "type_id": "opencv-matrix",
        "rows": 3,
        "cols": 1,
        "dt": "d",
        "data": [ -7.7490611153251301e-02, 1.5583725038565713e-01,
            -3.4024878758606811e-02 ]
    }
,    "_0072": {
        "type_id": "opencv-matrix",
        "rows": 3,
        "cols": 1,
        "dt": "d",
        "data": [ -7.8899898908255994e-02, 1.6465027209151664e-01,
            -3.5234839803036627e-02 ]
    }
,    "_0073": {
        "type_id": "opencv-matrix",
        "rows": 3,
        "cols": 1,
        "dt": "d",
        "data": [ -4.2203622900438664e-02, 1.6601441387200641e-01,
            -3.2040582826442877e-02 ]
    }
,    "_0074": {
        "type_id": "opencv-matrix",
        "rows": 3,
