{
    "_0000": {
        "type_id": "opencv-matrix",
        "rows": 3,
        "cols": 1,
        "dt": "d",
        "data": [ -7.1226707395425581e+02, -1.0289141599472164e+02,
            -3.5645234786111118e+01 ]
    }
,    "_0002": {
        "type_id": "opencv-matrix",
        "rows": 3,
        "cols": 1,
        "dt": "d",
        "data": [ -7.1226707555976566e+02, -1.0289141653984096e+02,
            -3.5645232749262100e+01 ]
    }
,    "_0003": {
        "type_id": "opencv-matrix",
        "rows": 3,
        "cols": 1,
        "dt": "d",
        "data": [ -7.1226707555975383e+02, -1.0289141653982468e+02,
            -3.5645232749263833e+01 ]
    }
,    "_0008": {
        "type_id": "opencv-matrix",
        "rows": 3,
        "cols": 1,
        "dt": "d",
        "data": [ -5.9686172494823336e+02, 1.0906520327097430e+01,
            -6.9490138908524287e+01 ]
    }
,    "_0009": {
        "type_id": "opencv-matrix",
        "rows": 3,
        "cols": 1,
        "dt": "d",
        "data": [ -7.3614292500703289e+02, -4.9077724550667632e+01,
            -8.8324830377659609e+00 ]
    }
,    "_0021": {
        "type_id": "opencv-matrix",
        "rows": 3,
        "cols": 1,
        "dt": "d",
        "data": [ -6.0387741124133913e+02, -5.0632982119988490e+01,
            -8.7599769493444498e+01 ]
    }
,    "_0022": {
        "type_id": "opencv-matrix",
        "rows": 3,
        "cols": 1,
        "dt": "d",
        "data": [ -6.1180875454084958e+02, -3.2518154282537452e+01,
            -7.0448783855352104e+01 ]
    }
,    "_0030": {
        "type_id": "opencv-matrix",
        "rows": 3,
        "cols": 1,
        "dt": "d",
        "data": [ -6.7880747945256519e+02, 1.2930334685704739e+01,
            -3.9362556822875717e+01 ]
    }
,    "_0031": {
        "type_id": "opencv-matrix",
        "rows": 3,
        "cols": 1,
        "dt": "d",
        "data": [ -6.5530700831348804e+02, 6.0324067107295377e+01,
            -6.3880329255620921e+01 ]
    }
,    "_0032": {
        "type_id": "opencv-matrix",
        "rows": 3,
        "cols": 1,
        "dt": "d",
        "data": [ -5.7538125450198902e+02, 8.1384659849869209e+01,
            -1.0159089036062362e+02 ]
    }
,    "_0033": {
        "type_id": "opencv-matrix",
        "rows": 3,
        "cols": 1,
        "dt": "d",
        "data": [ -5.8663803635992679e+02, 1.0254799676018669e+01,
            -9.6324382116805978e+01 ]
    }
,    "_0038": {
        "type_id": "opencv-matrix",
        "rows": 3,
        "cols": 1,
        "dt": "d",
        "data": [ -6.0022236001692681e+02, -2.2847416662824673e+02,
            -1.1574602069150247e+02 ]
    }
,    "_0039": {
        "type_id": "opencv-matrix",
        "rows": 3,
        "cols": 1,
        "dt": "d",
        "data": [ -6.6532395000467943e+02, -2.3861648440880242e+02,
            -8.4833838437762552e+01 ]
    }
,    "_0040": {
        "type_id": "opencv-matrix",
        "rows": 3,
        "cols": 1,
        "dt": "d",
        "data": [ -6.9552042825157059e+02, -2.0614031892126491e+02,
            -6.2758260786883035e+01 ]
    }
,    "_0041": {
        "type_id": "opencv-matrix",
        "rows": 3,
        "cols": 1,
        "dt": "d",
        "data": [ -6.7198614583936012e+02, -1.4976513645707468e+02,
            -7.0483795468343828e+01 ]
    }
,    "_0042": {
        "type_id": "opencv-matrix",
        "rows": 3,
        "cols": 1,
        "dt": "d",
        "data": [ -6.3445336013150688e+02, -1.3050193114801007e+02,
            -8.1835646241464872e+01 ]
    }
,    "_0043": {
        "type_id": "opencv-matrix",
        "rows": 3,
        "cols": 1,
        "dt": "d",
        "data": [ -6.0588693219528886e+02, -5.9875350231712183e+01,
            -9.1924807911682649e+01 ]
    }
,    "_0044": {
        "type_id": "opencv-matrix",
        "rows": 3,
        "cols": 1,
        "dt": "d",
        "data": [ -6.3672183993790213e+02, -3.6717319367094724e+01,
            -7.3277771237005652e+01 ]
    }
,    "_0045": {
        "type_id": "opencv-matrix",
        "rows": 3,
        "cols": 1,
        "dt": "d",
        "data": [ -6.6368238606606587e+02, -4.2226530383758153e+01,
            -5.0207537804003728e+01 ]
    }
,    "_0049": {
        "type_id": "opencv-matrix",
        "rows": 3,
        "cols": 1,
        "dt": "d",
        "data": [ -7.6524965457858548e+02, -4.7095966618604590e-01,
            -6.0443000592607250e+00 ]
    }
,    "_0051": {
        "type_id": "opencv-matrix",
        "rows": 3,
        "cols": 1,
        "dt": "d",
        "data": [ -7.7000301436981408e+02, -2.9368010579467228e+01,
            -6.7106880227299923e+00 ]
    }
,    "_0052": {
        "type_id": "opencv-matrix",
        "rows": 3,
        "cols": 1,
        "dt": "d",
        "data": [ -8.6649277266645959e+02, 2.8869068130664271e+01,
            1.6199787983772609e+01 ]
    }
,    "_0053": {
        "type_id": "opencv-matrix",
        "rows": 3,
        "cols": 1,
        "dt": "d",
        "data": [ -8.1128899477405230e+02, 4.8017245595595710e+01,
            1.3244485722209143e-01 ]
    }
,    "_0054": {
        "type_id": "opencv-matrix",
        "rows": 3,
        "cols": 1,
        "dt": "d",
        "data": [ -7.0481957080153495e+02, -1.0661632186580671e+02,
            -3.6982709363071855e+01 ]
    }
,    "_0055": {
        "type_id": "opencv-matrix",
        "rows": 3,
        "cols": 1,
        "dt": "d",
        "data": [ -7.1558598902290908e+02, -1.5180226953586359e+02,
            -4.3664415819019503e+01 ]
    }
,    "_0056": {
        "type_id": "opencv-matrix",
        "rows": 3,
        "cols": 1,
        "dt": "d",
        "data": [ -7.0196315555042406e+02, -1.5779301688244269e+02,
            -5.0955841479773675e+01 ]
    }
,    "_0057": {
        "type_id": "opencv-matrix",
        "rows": 3,
        "cols": 1,
        "dt": "d",
        "data": [ -7.3309145541837006e+02, -1.7560550561423878e+02,
            -4.4006890702834966e+01 ]
    }
,    "_0058": {
        "type_id": "opencv-matrix",
        "rows": 3,
        "cols": 1,
        "dt": "d",
        "data": [ -7.3851292506091545e+02, -2.1555773773977188e+02,
            -4.8714294786027331e+01 ]
    }
,    "_0061": {
        "type_id": "opencv-matrix",
        "rows": 3,
        "cols": 1,
        "dt": "d",
        "data": [ -7.5088422632502011e+02, -1.5361910525692682e+02,
            -3.0963231901112277e+01 ]
    }
,    "_0062": {
        "type_id": "opencv-matrix",
        "rows": 3,
        "cols": 1,
        "dt": "d",
        "data": [ -8.6308788147277880e+02, -3.5328212428181129e+00,
            1.0570558673756263e+02 ]
    }
,    "_0067": {
        "type_id": "opencv-matrix",
        "rows": 3,
        "cols": 1,
        "dt": "d",
        "data": [ -8.9252601660573930e+02, -2.4479211792899241e+02,
            -7.9158267568083396e+00 ]
    }
,    "_0069": {
        "type_id": "opencv-matrix",
        "rows": 3,
        "cols": 1,
        "dt": "d",
        "data": [ -8.9763705579401835e+02, -2.7079983015873410e+02,
            -7.5302324300405559e+00 ]
    }
,    "_0070": {
        "type_id": "opencv-matrix",
        "rows": 3,
        "cols": 1,
        "dt": "d",
        "data": [ -8.4437012239640785e+02, -2.2548056737105892e+02,
            -1.0153945447202357e+01 ]
    }
,    "_0071": {
        "type_id": "opencv-matrix",
        "rows": 3,
        "cols": 1,
        "dt": "d",
        "data": [ -8.1225795077549640e+02, -1.4924071111828954e+02,
            -6.4031206733156747e+00 ]
    }
,    "_0072": {
        "type_id": "opencv-matrix",
        "rows": 3,
        "cols": 1,
        "dt": "d",
        "data": [ -8.3437651932265942e+02, -1.5169145246574851e+02,
            -4.7536039947127268e-01 ]
    }
,    "_0073": {
        "type_id": "opencv-matrix",
        "rows": 3,
        "cols": 1,
        "dt": "d",
        "data": [ -8.3648623893715933e+02, -5.8208878167495683e+01,
            5.5918710012499711e+00 ]
    }
,    "_0074": {
        "type_id": "opencv-matrix",
