{
    "_0000": {
        "type_id": "opencv-matrix",
        "rows": 3,
        "cols": 1,
        "dt": "d",
        "data": [ -8.7042364090828073e+02, 7.9167145806144674e+00,
            5.8441380640611096e+03 ]
    }
,    "_0001": {
        "type_id": "opencv-matrix",
        "rows": 3,
        "cols": 1,
        "dt": "d",
        "data": [ -8.6246875570585280e+02, 1.2283815439796030e+01,
            5.8712700783443761e+03 ]
    }
,    "_0002": {
        "type_id": "opencv-matrix",
        "rows": 3,
        "cols": 1,
        "dt": "d",
        "data": [ -8.6897753569521615e+02, 1.5932664350785643e+01,
            5.7873692941023146e+03 ]
    }
,    "_0003": {
        "type_id": "opencv-matrix",
        "rows": 3,
        "cols": 1,
        "dt": "d",
        "data": [ -8.7218489482716700e+02, 1.2601258646322464e+01,
            5.7704883060201964e+03 ]
    }
,    "_0004": {
        "type_id": "opencv-matrix",
        "rows": 3,
        "cols": 1,
        "dt": "d",
        "data": [ -8.5823770059316996e+02, 2.8127570792157712e+00,
            5.6821696223609033e+03 ]
    }
,    "_0005": {
        "type_id": "opencv-matrix",
        "rows": 3,
        "cols": 1,
        "dt": "d",
        "data": [ -8.5943191600168655e+02, 1.1764381483827663e+01,
            5.8220817993653591e+03 ]
    }
,    "_0006": {
        "type_id": "opencv-matrix",
        "rows": 3,
        "cols": 1,
        "dt": "d",
        "data": [ -8.6347768710419882e+02, 1.4909971536853959e+01,
            5.9295138014292070e+03 ]
    }
,    "_0007": {
        "type_id": "opencv-matrix",
        "rows": 3,
        "cols": 1,
        "dt": "d",
        "data": [ -8.7439724926544443e+02, 1.1878596669728097e+01,
            6.1122896509556685e+03 ]
    }
,    "_0008": {
        "type_id": "opencv-matrix",
        "rows": 3,
        "cols": 1,
        "dt": "d",
        "data": [ -8.7214578656333310e+02, 1.0773614545993922e+01,
            5.6200563527261784e+03 ]
    }
,    "_0009": {
        "type_id": "opencv-matrix",
        "rows": 3,
        "cols": 1,
        "dt": "d",
        "data": [ -8.6017737545926673e+02, 9.0545982697921374e+00,
            5.6413128530346476e+03 ]
    }
,    "_0010": {
        "type_id": "opencv-matrix",
        "rows": 3,
        "cols": 1,
        "dt": "d",
        "data": [ -8.6930765800866016e+02, 7.1131885918188402e+00,
            5.8212776655885609e+03 ]
    }
,    "_0011": {
        "type_id": "opencv-matrix",
        "rows": 3,
        "cols": 1,
        "dt": "d",
        "data": [ -8.6055691993130938e+02, 3.1396601830437021e+00,
            5.7965646068027399e+03 ]
    }
,    "_0012": {
        "type_id": "opencv-matrix",
        "rows": 3,
        "cols": 1,
        "dt": "d",
        "data": [ -8.6816132939737827e+02, 2.2621589162917587e+01,
            5.9452291808400232e+03 ]
    }
,    "_0013": {
        "type_id": "opencv-matrix",
        "rows": 3,
        "cols": 1,
        "dt": "d",
        "data": [ -8.6303637065821101e+02, 7.0769820017784184e+00,
            5.9613039437840098e+03 ]
    }
,    "_0014": {
        "type_id": "opencv-matrix",
        "rows": 3,
        "cols": 1,
        "dt": "d",
        "data": [ -8.6523639495459690e+02, 7.9030839792121981e+00,
            5.8513604879587547e+03 ]
    }
,    "_0015": {
        "type_id": "opencv-matrix",
        "rows": 3,
        "cols": 1,
        "dt": "d",
        "data": [ -8.6948899243556116e+02, 7.6520106853459708e+00,
            5.8591582865099363e+03 ]
    }
,    "_0016": {
        "type_id": "opencv-matrix",
        "rows": 3,
        "cols": 1,
        "dt": "d",
        "data": [ -8.6479650754309523e+02, 1.0651891178526711e+01,
            5.8335620188943612e+03 ]
    }
,    "_0017": {
        "type_id": "opencv-matrix",
        "rows": 3,
        "cols": 1,
        "dt": "d",
        "data": [ -8.6576427031503681e+02, 1.2613647785642399e+01,
            5.8766247973335812e+03 ]
    }
,    "_0018": {
        "type_id": "opencv-matrix",
        "rows": 3,
        "cols": 1,
        "dt": "d",
        "data": [ -8.5930802010922525e+02, 7.1434963585381581e+00,
            5.8147882874094212e+03 ]
    }
,    "_0019": {
        "type_id": "opencv-matrix",
        "rows": 3,
        "cols": 1,
        "dt": "d",
        "data": [ -8.6759140818207800e+02, 1.1857674184172083e+01,
            5.8582067850309086e+03 ]
    }
,    "_0020": {
        "type_id": "opencv-matrix",
        "rows": 3,
        "cols": 1,
        "dt": "d",
        "data": [ -8.5874574903819416e+02, 7.8593415666672684e+00,
            5.7203018470952175e+03 ]
    }
,    "_0021": {
        "type_id": "opencv-matrix",
        "rows": 3,
        "cols": 1,
        "dt": "d",
        "data": [ -8.6198242796516638e+02, 1.0919019966663186e+01,
            5.6539538062138718e+03 ]
    }
,    "_0022": {
        "type_id": "opencv-matrix",
        "rows": 3,
        "cols": 1,
        "dt": "d",
        "data": [ -8.6826074366138573e+02, 7.8926870536367488e+00,
            5.6774365874221166e+03 ]
    }
,    "_0023": {
        "type_id": "opencv-matrix",
        "rows": 3,
        "cols": 1,
        "dt": "d",
        "data": [ -8.6108878292180862e+02, 9.9682429873002150e+00,
            5.8170150291086684e+03 ]
    }
,    "_0024": {
        "type_id": "opencv-matrix",
        "rows": 3,
        "cols": 1,
        "dt": "d",
        "data": [ -8.7312326539803757e+02, 1.6136185979537458e+01,
            5.3861477748230627e+03 ]
    }
,    "_0025": {
        "type_id": "opencv-matrix",
        "rows": 3,
        "cols": 1,
        "dt": "d",
        "data": [ -8.6090905620080628e+02, 2.0267511089609641e+01,
            5.7185353306752422e+03 ]
    }
,    "_0026": {
        "type_id": "opencv-matrix",
        "rows": 3,
        "cols": 1,
        "dt": "d",
        "data": [ -8.6444686344544198e+02, 1.7400219893600678e+01,
            5.2513620139645391e+03 ]
    }
,    "_0027": {
        "type_id": "opencv-matrix",
        "rows": 3,
        "cols": 1,
        "dt": "d",
        "data": [ -8.8742752715106724e+02, 2.4142442599681402e+01,
            5.4754227746114602e+03 ]
    }
,    "_0028": {
        "type_id": "opencv-matrix",
        "rows": 3,
        "cols": 1,
        "dt": "d",
        "data": [ -8.6940926305197263e+02, 9.3563396525557607e+00,
            5.6086988882566857e+03 ]
    }
,    "_0029": {
        "type_id": "opencv-matrix",
        "rows": 3,
        "cols": 1,
        "dt": "d",
        "data": [ -8.7053139537828315e+02, 5.9871703429816137e+00,
            5.7335925948821814e+03 ]
    }
,    "_0030": {
        "type_id": "opencv-matrix",
        "rows": 3,
        "cols": 1,
        "dt": "d",
        "data": [ -8.6234736174455998e+02, 1.7929809754253810e+01,
            5.4566744410402989e+03 ]
    }
,    "_0031": {
        "type_id": "opencv-matrix",
        "rows": 3,
        "cols": 1,
        "dt": "d",
        "data": [ -8.8465426183975433e+02, 1.1601865722078060e+01,
            5.7873464532631333e+03 ]
    }
,    "_0032": {
        "type_id": "opencv-matrix",
        "rows": 3,
        "cols": 1,
        "dt": "d",
        "data": [ -8.6031851106585657e+02, 6.5777929966988324e+00,
            5.5415520738401610e+03 ]
    }
,    "_0033": {
        "type_id": "opencv-matrix",
        "rows": 3,
        "cols": 1,
        "dt": "d",
        "data": [ -8.7312058913553096e+02, 1.0564584183109048e+01,
            6.0212185506590595e+03 ]
    }
,    "_0034": {
        "type_id": "opencv-matrix",
        "rows": 3,
        "cols": 1,
        "dt": "d",
        "data": [ -8.4890405809967012e+02, 1.3194323107290742e+01,
            5.3905825179942603e+03 ]
    }
,    "_0035": {
        "type_id": "opencv-matrix",
        "rows": 3,
        "cols": 1,
        "dt": "d",
        "data": [ -8.6636645923860885e+02, 1.7458235191151104e+01,
            6.0193982762982987e+03 ]
    }
,    "_0036": {
        "type_id": "opencv-matrix",
        "rows": 3,
        "cols": 1,
        "dt": "d",
