{
    "_0000": {
        "type_id": "opencv-matrix",
        "rows": 3,
        "cols": 1,
        "dt": "d",
        "data": [ -8.6201208607631622e+02, 1.3448413752689607e+01,
            6.1109034965569172e+01 ]
    }
,    "_0001": {
        "type_id": "opencv-matrix",
        "rows": 3,
        "cols": 1,
        "dt": "d",
        "data": [ -8.6288360683526548e+02, 1.2120431198083358e+01,
            4.9214049576226714e+01 ]
    }
,    "_0002": {
        "type_id": "opencv-matrix",
        "rows": 3,
        "cols": 1,
        "dt": "d",
        "data": [ -8.6288899854030774e+02, 1.2253680470428641e+01,
            4.9298702989129183e+01 ]
    }
,    "_0003": {
        "type_id": "opencv-matrix",
        "rows": 3,
        "cols": 1,
        "dt": "d",
        "data": [ -8.6291137182957448e+02, 1.2262411614442646e+01,
            4.9360677609762369e+01 ]
    }
,    "_0004": {
        "type_id": "opencv-matrix",
        "rows": 3,
        "cols": 1,
        "dt": "d",
        "data": [ -8.6291867410237796e+02, 1.1946612574249835e+01,
            4.9173851015220215e+01 ]
    }
,    "_0005": {
        "type_id": "opencv-matrix",
        "rows": 0,
        "cols": 0,
        "dt": "u",
        "data": []
    }
,    "_0006": {
        "type_id": "opencv-matrix",
        "rows": 3,
        "cols": 1,
        "dt": "d",
        "data": [ -8.6259036685132696e+02, 1.1726778805447200e+01,
            4.9327951961685393e+01 ]
    }
,    "_0007": {
        "type_id": "opencv-matrix",
        "rows": 3,
        "cols": 1,
        "dt": "d",
        "data": [ -8.6271388267677958e+02, 1.1942636274098870e+01,
            4.9261722786341807e+01 ]
    }
,    "_0008": {
        "type_id": "opencv-matrix",
        "rows": 3,
        "cols": 1,
        "dt": "d",
        "data": [ -8.6275816392932347e+02, 1.2295021040188065e+01,
            4.9321476318576430e+01 ]
    }
,    "_0009": {
        "type_id": "opencv-matrix",
        "rows": 3,
        "cols": 1,
        "dt": "d",
        "data": [ -8.6266108712607229e+02, 1.2375350792571057e+01,
            4.9447007020216503e+01 ]
    }
,    "_0010": {
        "type_id": "opencv-matrix",
        "rows": 3,
        "cols": 1,
        "dt": "d",
        "data": [ -8.6282456581319093e+02, 1.2135019330713858e+01,
            4.9292299689203240e+01 ]
    }
,    "_0011": {
        "type_id": "opencv-matrix",
        "rows": 3,
        "cols": 1,
        "dt": "d",
        "data": [ -8.6274505865488948e+02, 1.2098786132789050e+01,
            4.9319327141446671e+01 ]
    }
,    "_0012": {
        "type_id": "opencv-matrix",
        "rows": 3,
        "cols": 1,
        "dt": "d",
        "data": [ -8.6269560043668002e+02, 1.2281805401287492e+01,
            4.9199525913960734e+01 ]
    }
,    "_0013": {
        "type_id": "opencv-matrix",
        "rows": 3,
        "cols": 1,
        "dt": "d",
        "data": [ -8.6286673321012938e+02, 1.2112389444367453e+01,
            4.9225668601516325e+01 ]
    }
,    "_0014": {
        "type_id": "opencv-matrix",
        "rows": 3,
        "cols": 1,
        "dt": "d",
        "data": [ -8.6278267388058487e+02, 1.2222199923847421e+01,
            4.9275976939867526e+01 ]
    }
,    "_0015": {
        "type_id": "opencv-matrix",
        "rows": 3,
        "cols": 1,
        "dt": "d",
        "data": [ -8.6292341559258443e+02, 1.2032202015133281e+01,
            4.9304144559378699e+01 ]
    }
,    "_0016": {
        "type_id": "opencv-matrix",
        "rows": 3,
        "cols": 1,
        "dt": "d",
        "data": [ -8.6287512204876032e+02, 1.2016380764077166e+01,
            4.9199041875726138e+01 ]
    }
,    "_0017": {
        "type_id": "opencv-matrix",
        "rows": 3,
        "cols": 1,
        "dt": "d",
        "data": [ -8.6292363039176041e+02, 1.2328160439046664e+01,
            4.9321140593849790e+01 ]
    }
,    "_0018": {
        "type_id": "opencv-matrix",
        "rows": 3,
        "cols": 1,
        "dt": "d",
        "data": [ -8.6123423000444791e+02, 1.4547976807315603e+01,
            4.9639925168607363e+01 ]
    }
,    "_0019": {
        "type_id": "opencv-matrix",
        "rows": 3,
        "cols": 1,
        "dt": "d",
        "data": [ -8.6306815986405661e+02, 1.2351828731983773e+01,
            4.9283109498345830e+01 ]
    }
,    "_0020": {
        "type_id": "opencv-matrix",
        "rows": 3,
        "cols": 1,
        "dt": "d",
        "data": [ -8.6291482074918497e+02, 1.2580985683935884e+01,
            4.9299098418357126e+01 ]
    }
,    "_0021": {
        "type_id": "opencv-matrix",
        "rows": 3,
        "cols": 1,
        "dt": "d",
        "data": [ -8.6092346016556735e+02, 1.4276044846843526e+01,
            4.9299214556244173e+01 ]
    }
,    "_0022": {
        "type_id": "opencv-matrix",
        "rows": 3,
        "cols": 1,
        "dt": "d",
        "data": [ -8.6262728552559577e+02, 1.2133727518035130e+01,
            4.9228416916213881e+01 ]
    }
,    "_0023": {
        "type_id": "opencv-matrix",
        "rows": 3,
        "cols": 1,
        "dt": "d",
        "data": [ -8.6274394968506522e+02, 1.1975000950194543e+01,
            4.9118611439844720e+01 ]
    }
,    "_0024": {
        "type_id": "opencv-matrix",
        "rows": 3,
        "cols": 1,
        "dt": "d",
        "data": [ -8.6289568469474352e+02, 1.2622247474567899e+01,
            4.9185463884680786e+01 ]
    }
,    "_0025": {
        "type_id": "opencv-matrix",
        "rows": 3,
        "cols": 1,
        "dt": "d",
        "data": [ -8.6273191041304688e+02, 1.2004118611237020e+01,
            4.9137723025932956e+01 ]
    }
,    "_0026": {
        "type_id": "opencv-matrix",
        "rows": 3,
        "cols": 1,
        "dt": "d",
        "data": [ -8.6275844963768407e+02, 1.4852731692534196e+01,
            4.9405299705267218e+01 ]
    }
,    "_0027": {
        "type_id": "opencv-matrix",
        "rows": 3,
        "cols": 1,
        "dt": "d",
        "data": [ -8.6311892077020161e+02, 1.2107343352308703e+01,
            4.9165054969606601e+01 ]
    }
,    "_0028": {
        "type_id": "opencv-matrix",
        "rows": 3,
        "cols": 1,
        "dt": "d",
        "data": [ -8.6292366356570869e+02, 1.2255086986031930e+01,
            4.9288360600641859e+01 ]
    }
,    "_0029": {
        "type_id": "opencv-matrix",
        "rows": 3,
        "cols": 1,
        "dt": "d",
        "data": [ -8.6277410025084782e+02, 1.2322418257880809e+01,
            4.9278689258271292e+01 ]
    }
,    "_0030": {
        "type_id": "opencv-matrix",
        "rows": 3,
        "cols": 1,
        "dt": "d",
        "data": [ -8.6299303310414655e+02, 1.2329340126554809e+01,
            4.9220940730555526e+01 ]
    }
,    "_0031": {
        "type_id": "opencv-matrix",
        "rows": 3,
        "cols": 1,
        "dt": "d",
        "data": [ -8.6319938269968839e+02, 1.3631900511164107e+01,
            4.9271347461111112e+01 ]
    }
,    "_0032": {
        "type_id": "opencv-matrix",
        "rows": 3,
        "cols": 1,
        "dt": "d",
        "data": [ -8.6324494384719378e+02, 1.2504130687997138e+01,
            4.9460690511257631e+01 ]
    }
,    "_0033": {
        "type_id": "opencv-matrix",
        "rows": 3,
        "cols": 1,
        "dt": "d",
        "data": [ -8.6326230199403142e+02, 1.2628109838651248e+01,
            4.9168030678738205e+01 ]
    }
,    "_0034": {
        "type_id": "opencv-matrix",
        "rows": 3,
        "cols": 1,
        "dt": "d",
        "data": [ -8.6335130708117617e+02, 1.2460063620876976e+01,
            4.9299830103273614e+01 ]
    }
,    "_0035": {
        "type_id": "opencv-matrix",
        "rows": 3,
        "cols": 1,
        "dt": "d",
        "data": [ -8.6291836990464935e+02, 1.1980950135261962e+01,
            4.9319168336036164e+01 ]
    }
,    "_0036": {
        "type_id": "opencv-matrix",
        "rows": 3,
        "cols": 1,
        "dt": "d",
        "data": [ -8.6316579425015061e+02, 1.2367024501201895e+01,
