{
    "_0000": {
        "type_id": "opencv-matrix",
        "rows": 3,
        "cols": 1,
        "dt": "d",
        "data": [ -8.7015146930739206e+02, 7.7843710556427084e+00,
            5.3128735452756700e+01 ]
    }
,    "_0001": {
        "type_id": "opencv-matrix",
        "rows": 3,
        "cols": 1,
        "dt": "d",
        "data": [ -8.6319167160790767e+02, 1.5039603590472041e+01,
            5.4313285965707564e+01 ]
    }
,    "_0002": {
        "type_id": "opencv-matrix",
        "rows": 3,
        "cols": 1,
        "dt": "d",
        "data": [ -8.6827462728690159e+02, 1.6626232050965058e+01,
            5.2319869022021521e+01 ]
    }
,    "_0003": {
        "type_id": "opencv-matrix",
        "rows": 3,
        "cols": 1,
        "dt": "d",
        "data": [ -8.7187808883555670e+02, 1.2484775328362844e+01,
            5.4124349074861129e+01 ]
    }
,    "_0004": {
        "type_id": "opencv-matrix",
        "rows": 3,
        "cols": 1,
        "dt": "d",
        "data": [ -8.5901123260802501e+02, 5.7607591387729542e+00,
            5.3787577995950869e+01 ]
    }
,    "_0005": {
        "type_id": "opencv-matrix",
        "rows": 3,
        "cols": 1,
        "dt": "d",
        "data": [ -8.5969904051629487e+02, 1.1902780100203273e+01,
            5.2422299343286340e+01 ]
    }
,    "_0006": {
        "type_id": "opencv-matrix",
        "rows": 3,
        "cols": 1,
        "dt": "d",
        "data": [ -8.6293215987283861e+02, 1.4301040880892458e+01,
            4.8688600304663851e+01 ]
    }
,    "_0007": {
        "type_id": "opencv-matrix",
        "rows": 3,
        "cols": 1,
        "dt": "d",
        "data": [ -8.7095509017071947e+02, 1.0028797858566122e+01,
            4.6504298322859086e+01 ]
    }
,    "_0008": {
        "type_id": "opencv-matrix",
        "rows": 3,
        "cols": 1,
        "dt": "d",
        "data": [ -8.7146285035200492e+02, 1.0429416711437341e+01,
            5.4567264005833749e+01 ]
    }
,    "_0009": {
        "type_id": "opencv-matrix",
        "rows": 3,
        "cols": 1,
        "dt": "d",
        "data": [ -8.6178822147397648e+02, 9.3027387688601948e+00,
            5.4778945851485787e+01 ]
    }
,    "_0010": {
        "type_id": "opencv-matrix",
        "rows": 3,
        "cols": 1,
        "dt": "d",
        "data": [ -8.6918640046355370e+02, 7.2179572210827700e+00,
            5.4262957374528924e+01 ]
    }
,    "_0011": {
        "type_id": "opencv-matrix",
        "rows": 3,
        "cols": 1,
        "dt": "d",
        "data": [ -8.6232985323952073e+02, 4.5039442916639700e+00,
            5.3729760827855443e+01 ]
    }
,    "_0012": {
        "type_id": "opencv-matrix",
        "rows": 3,
        "cols": 1,
        "dt": "d",
        "data": [ -8.6713533448898067e+02, 2.2345952868447910e+01,
            4.9325010666895196e+01 ]
    }
,    "_0013": {
        "type_id": "opencv-matrix",
        "rows": 3,
        "cols": 1,
        "dt": "d",
        "data": [ -8.6329694086541497e+02, 1.1106365748755138e+01,
            5.5295474566851681e+01 ]
    }
,    "_0014": {
        "type_id": "opencv-matrix",
        "rows": 3,
        "cols": 1,
        "dt": "d",
        "data": [ -8.6634313894196077e+02, 1.2721384363812916e+01,
            5.6762019290790704e+01 ]
    }
,    "_0015": {
        "type_id": "opencv-matrix",
        "rows": 3,
        "cols": 1,
        "dt": "d",
        "data": [ -8.6932531800122774e+02, 7.8653605722710154e+00,
            5.1335771562798072e+01 ]
    }
,    "_0016": {
        "type_id": "opencv-matrix",
        "rows": 3,
        "cols": 1,
        "dt": "d",
        "data": [ -8.6320798081116823e+02, 1.0263169612019595e+01,
            5.2299927741832562e+01 ]
    }
,    "_0017": {
        "type_id": "opencv-matrix",
        "rows": 3,
        "cols": 1,
        "dt": "d",
        "data": [ -8.6620182090496826e+02, 1.4192682834922778e+01,
            5.1496978701980424e+01 ]
    }
,    "_0018": {
        "type_id": "opencv-matrix",
        "rows": 3,
        "cols": 1,
        "dt": "d",
        "data": [ -8.6048962570518097e+02, 9.6218853361935430e+00,
            5.3494895180004278e+01 ]
    }
,    "_0019": {
        "type_id": "opencv-matrix",
        "rows": 3,
        "cols": 1,
        "dt": "d",
        "data": [ -8.6752554397945153e+02, 1.1998889308777620e+01,
            5.2261187347998202e+01 ]
    }
,    "_0020": {
        "type_id": "opencv-matrix",
        "rows": 3,
        "cols": 1,
        "dt": "d",
        "data": [ -8.5968190981546661e+02, 9.0623646708353931e+00,
            5.4766599185741597e+01 ]
    }
,    "_0021": {
        "type_id": "opencv-matrix",
        "rows": 3,
        "cols": 1,
        "dt": "d",
        "data": [ -8.6200884498504183e+02, 1.0702311678052098e+01,
            5.0481586331843118e+01 ]
    }
,    "_0022": {
        "type_id": "opencv-matrix",
        "rows": 3,
        "cols": 1,
        "dt": "d",
        "data": [ -8.6844651563146294e+02, 7.7708279015943518e+00,
            5.2167058777860348e+01 ]
    }
,    "_0023": {
        "type_id": "opencv-matrix",
        "rows": 3,
        "cols": 1,
        "dt": "d",
        "data": [ -8.6235626162037488e+02, 1.0309198819977837e+01,
            5.2288690981296895e+01 ]
    }
,    "_0024": {
        "type_id": "opencv-matrix",
        "rows": 3,
        "cols": 1,
        "dt": "d",
        "data": [ -8.7042310270202825e+02, 1.5588038574528397e+01,
            3.9534834141007195e+01 ]
    }
,    "_0025": {
        "type_id": "opencv-matrix",
        "rows": 3,
        "cols": 1,
        "dt": "d",
        "data": [ -8.5951428448238585e+02, 1.9818226916220397e+01,
            4.1629489241292958e+01 ]
    }
,    "_0026": {
        "type_id": "opencv-matrix",
        "rows": 3,
        "cols": 1,
        "dt": "d",
        "data": [ -8.6539510056387132e+02, 1.3749219838412529e+01,
            5.6663245184574862e+01 ]
    }
,    "_0027": {
        "type_id": "opencv-matrix",
        "rows": 3,
        "cols": 1,
        "dt": "d",
        "data": [ -8.8398907834557122e+02, 2.3154870601614732e+01,
            3.9711870183552492e+01 ]
    }
,    "_0028": {
        "type_id": "opencv-matrix",
        "rows": 3,
        "cols": 1,
        "dt": "d",
        "data": [ -8.6904762725557885e+02, 9.0774558181749256e+00,
            5.0318898287696356e+01 ]
    }
,    "_0029": {
        "type_id": "opencv-matrix",
        "rows": 3,
        "cols": 1,
        "dt": "d",
        "data": [ -8.7017727255308500e+02, 6.1573849404885266e+00,
            5.4811074957315668e+01 ]
    }
,    "_0030": {
        "type_id": "opencv-matrix",
        "rows": 3,
        "cols": 1,
        "dt": "d",
        "data": [ -8.6165925643258470e+02, 1.7847999770033383e+01,
            5.0644137928997225e+01 ]
    }
,    "_0031": {
        "type_id": "opencv-matrix",
        "rows": 3,
        "cols": 1,
        "dt": "d",
        "data": [ -8.8099511154541256e+02, 1.1688079426794872e+01,
            5.0226855038099529e+01 ]
    }
,    "_0032": {
        "type_id": "opencv-matrix",
        "rows": 3,
        "cols": 1,
        "dt": "d",
        "data": [ -8.6125095413155680e+02, 8.0894333597315722e+00,
            5.7504276585793377e+01 ]
    }
,    "_0033": {
        "type_id": "opencv-matrix",
        "rows": 3,
        "cols": 1,
        "dt": "d",
        "data": [ -8.7434146623143022e+02, 1.0828401703449273e+01,
            5.2755176368127195e+01 ]
    }
,    "_0034": {
        "type_id": "opencv-matrix",
        "rows": 3,
        "cols": 1,
        "dt": "d",
        "data": [ -8.4911518897488111e+02, 1.7324241864433986e+01,
            5.2986246216118616e+01 ]
    }
,    "_0035": {
        "type_id": "opencv-matrix",
        "rows": 3,
        "cols": 1,
        "dt": "d",
        "data": [ -8.6493142409726249e+02, 1.6905018340361664e+01,
            5.7335997404486079e+01 ]
    }
,    "_0036": {
        "type_id": "opencv-matrix",
        "rows": 3,
        "cols": 1,
        "dt": "d",
